id,label,account_type,text_probability,text_prediction
73047988,1,traditional_spambots_1,0.9988517694301999,1
2374470205,1,social_spambots_2,0.9998555694967786,1
21253156,0,genuine_accounts,0.20234605141647752,0
2370720974,1,social_spambots_2,0.9998312652144783,1
167099444,0,genuine_accounts,0.02939320773997143,0
2358278113,1,social_spambots_2,0.9990146616025427,1
531153134,1,social_spambots_3,0.9999667757688027,1
2353738814,1,social_spambots_2,0.9999111959841931,1
69218933,1,traditional_spambots_1,0.9992306262288644,1
2382598962,1,social_spambots_2,0.9997553792288304,1
2385133165,1,social_spambots_2,0.99863877187781,1
466429038,1,social_spambots_1,0.9994887162195566,1
2379032874,1,social_spambots_2,0.9996921460828577,1
2357517385,1,social_spambots_2,0.9998807387720623,1
2374424215,1,social_spambots_2,0.9995430879895559,1
2277230660,1,social_spambots_1,0.9997081534762582,1
177804013,1,social_spambots_3,0.9860042572707675,1
115494144,1,traditional_spambots_1,0.9997842839738794,1
531241275,1,social_spambots_3,0.9999856389178445,1
1689431460,0,genuine_accounts,0.12599993788280311,0
613398598,1,social_spambots_1,0.9995332431011871,1
603962983,0,genuine_accounts,0.06277824418588943,0
2370390223,1,social_spambots_2,0.9997040498366963,1
21131225,0,genuine_accounts,0.012504450626162667,0
237375183,1,social_spambots_1,0.9995140879233245,1
2385139394,1,social_spambots_2,0.9998771605376751,1
104964099,1,traditional_spambots_1,0.9993725702341688,1
465305493,1,social_spambots_1,0.9996502555654395,1
2274822360,1,social_spambots_1,0.9995336893678992,1
2382743514,1,social_spambots_2,0.9994530024010861,1
16733141,1,traditional_spambots_1,0.43337864419375205,0
564255082,1,social_spambots_1,0.9998121219875724,1
5812422,0,genuine_accounts,0.00845344175378478,0
539254998,1,social_spambots_1,0.9998389487769803,1
55116927,1,traditional_spambots_1,0.9146412264431257,1
1874015534,0,genuine_accounts,0.011498330724157296,0
2348201450,1,social_spambots_2,0.9993854086055993,1
2362725374,1,social_spambots_2,0.9962185926074987,1
59507538,1,traditional_spambots_1,0.29142428568471396,0
175251304,0,genuine_accounts,0.024065921340243608,0
100320771,1,traditional_spambots_1,0.9709656765454995,1
1273205300,1,social_spambots_1,0.9995275198993026,1
2357842711,1,social_spambots_2,0.9996972804644898,1
2348331426,1,social_spambots_2,0.9997001648902961,1
1273205342,1,social_spambots_1,0.9997906473902514,1
539034931,1,social_spambots_1,0.9996183658760007,1
62637115,1,traditional_spambots_1,0.9987824681855763,1
466126074,1,social_spambots_1,0.9999402711685198,1
208664282,0,genuine_accounts,0.12568132063473395,0
572934190,1,social_spambots_1,0.9996933463846164,1
2275884464,1,social_spambots_1,0.9997402836821442,1
2353593986,1,social_spambots_2,0.9996984425048895,1
62227184,1,traditional_spambots_1,0.9992129465118811,1
107027598,1,traditional_spambots_1,0.9980427273558423,1
2353113242,1,social_spambots_2,0.9991854634863142,1
2372549342,1,social_spambots_2,0.9998745063249667,1
2359444862,1,social_spambots_2,0.9996749896248869,1
2359876428,1,social_spambots_2,0.9989056981884634,1
2352063272,1,social_spambots_2,0.9994855325025256,1
466406605,1,social_spambots_1,0.9998035689133937,1
2375118234,1,social_spambots_2,0.9992344324875482,1
2363558311,1,social_spambots_2,0.9998682631633964,1
2380231328,1,social_spambots_2,0.999810499317309,1
2370725054,1,social_spambots_2,0.9997274931704381,1
2360160126,1,social_spambots_2,0.999228049004137,1
105359850,1,traditional_spambots_1,0.995814478098378,1
2357674874,1,social_spambots_2,0.9983534252782829,1
467055222,1,social_spambots_1,0.9995547192786425,1
2354341482,1,social_spambots_2,0.9997209053337521,1
536529427,1,social_spambots_1,0.9995806589323377,1
2360273719,1,social_spambots_2,0.9995677479152907,1
2384144610,1,social_spambots_2,0.9998175059192999,1
2352023796,1,social_spambots_2,0.9999782106051518,1
2351097535,1,social_spambots_2,0.9988882296863798,1
480104212,0,genuine_accounts,0.029242306025421556,0
52025456,1,traditional_spambots_1,0.9995804754276865,1
35531101,1,traditional_spambots_1,0.04209907548255001,0
2359008889,1,social_spambots_2,0.9994643882117742,1
18441380,0,genuine_accounts,0.015647666491281027,0
102377614,1,traditional_spambots_1,0.9998503188723469,1
1933402110,0,genuine_accounts,0.08044178457743287,0
17976561,1,traditional_spambots_1,0.985585585383325,1
2354321761,1,social_spambots_2,0.991319670939923,1
2360768712,1,social_spambots_2,0.9998274461489682,1
220602388,0,genuine_accounts,0.020008062421287203,0
2352567122,1,social_spambots_2,0.9992737020319927,1
2374615328,1,social_spambots_2,0.999617702994227,1
499737312,0,genuine_accounts,0.1080252856428681,0
467197267,1,social_spambots_1,0.9993891840865231,1
2354977441,1,social_spambots_2,0.9996823846370961,1
2212943724,1,social_spambots_2,0.9995287848726871,1
17050665,0,genuine_accounts,0.0016038585164028546,0
2265514225,1,social_spambots_2,0.9988797338106913,1
602628071,0,genuine_accounts,0.0921768690185524,0
21959183,0,genuine_accounts,0.20650060214890348,0
2352642638,1,social_spambots_2,0.9886286557770514,1
2373461798,1,social_spambots_2,0.9997214278487974,1
542216247,1,social_spambots_1,0.9997306993177837,1
96435556,1,social_spambots_1,0.9991109264196085,1
467097582,1,social_spambots_1,0.9996809548541605,1
1888522045,0,genuine_accounts,0.1682854147008662,0
585856581,1,social_spambots_1,0.9995895347815782,1
2383376780,1,social_spambots_2,0.999775196857908,1
109905756,1,social_spambots_2,0.9996950858070729,1
180917373,0,genuine_accounts,0.017344999976064052,0
2383290612,1,social_spambots_2,0.9999832639648965,1
2349760266,1,social_spambots_2,0.9995494077473932,1
21281949,0,genuine_accounts,0.0037293732612566207,0
466449157,1,social_spambots_1,0.9997188792072824,1
2358260034,1,social_spambots_2,0.9996248743333668,1
14196068,0,genuine_accounts,0.01081971870251798,0
2384569254,1,social_spambots_2,0.9995556787246788,1
615105571,1,social_spambots_1,0.9992641234332174,1
2351203236,1,social_spambots_2,0.9991959095842148,1
72799805,1,traditional_spambots_1,0.9987604206454176,1
2277224702,1,social_spambots_1,0.9998105254278851,1
2361384289,1,social_spambots_2,0.9993580294107615,1
2353109371,1,social_spambots_2,0.9993246040386607,1
467145195,1,social_spambots_1,0.9998383502393475,1
68934868,1,traditional_spambots_1,0.9991719231167323,1
541515522,0,genuine_accounts,0.1501913787474396,0
2352579308,1,social_spambots_2,0.9996642612488067,1
2384081220,1,social_spambots_2,0.999985057662945,1
2368234117,1,social_spambots_2,0.9997535861610836,1
2377225074,1,social_spambots_2,0.9996974307076696,1
2353503006,1,social_spambots_2,0.9996209134578248,1
21127172,0,genuine_accounts,0.008545616348039992,0
2350890235,1,social_spambots_2,0.9997384670240772,1
2361847278,1,social_spambots_2,0.9957214422758183,1
2357072516,1,social_spambots_2,0.9997648502126578,1
158821864,0,genuine_accounts,0.3285684898628534,0
11086752,0,genuine_accounts,0.01099871087315272,0
2376119816,1,social_spambots_2,0.9997609934003269,1
2382818402,1,social_spambots_2,0.9998805192227047,1
63871003,1,traditional_spambots_1,0.9942503451252268,1
2383402195,1,social_spambots_2,0.987949089926681,1
2361583669,1,social_spambots_2,0.9997119474153658,1
215691888,1,social_spambots_3,0.9853994357304758,1
2351117846,1,social_spambots_2,0.9997839344635888,1
2288867162,0,genuine_accounts,0.044030848107656506,0
19581787,1,traditional_spambots_1,0.9989060989233625,1
567591601,0,genuine_accounts,0.013827540256813481,0
466474086,1,social_spambots_1,0.9994703631271864,1
2384555508,1,social_spambots_2,0.9997117253292794,1
2273691318,0,genuine_accounts,0.022255929046965106,0
613617309,1,social_spambots_1,0.9997002713695714,1
71222017,1,traditional_spambots_1,0.9973094506824249,1
2361624404,1,social_spambots_2,0.9999831527679455,1
2351181979,1,social_spambots_2,0.9998743505387658,1
2384780035,1,social_spambots_2,0.9995647529876462,1
2384825125,1,social_spambots_2,0.9999797297835634,1
2359777314,1,social_spambots_2,0.9998254845816998,1
37192548,1,traditional_spambots_1,0.982849725669789,1
2392882105,1,social_spambots_3,0.9999762936097687,1
2362362235,1,social_spambots_2,0.9997254905965768,1
79104032,1,traditional_spambots_1,0.9976600333044479,1
2212872006,1,social_spambots_2,0.9997590340007353,1
467124670,1,social_spambots_1,0.9993777828598789,1
2364059066,1,social_spambots_2,0.9996154745795878,1
62463639,1,traditional_spambots_1,0.9990813487749064,1
2378432126,1,social_spambots_2,0.9999853440170161,1
2375131807,1,social_spambots_2,0.9996877833276077,1
97227784,1,traditional_spambots_1,0.9796389569995092,1
2220472117,1,social_spambots_2,0.9869787631323004,1
2376527340,1,social_spambots_2,0.999684944061492,1
522715107,1,social_spambots_3,0.9999698612341037,1
156049671,0,genuine_accounts,0.00688828847241948,0
2364358770,1,social_spambots_2,0.9997315455514488,1
2357426569,1,social_spambots_2,0.9996327676747778,1
2376495529,1,social_spambots_2,0.9997719002645683,1
2356148432,1,social_spambots_2,0.9999593736904927,1
541506684,0,genuine_accounts,0.017211113664223326,0
2378500346,1,social_spambots_2,0.9994035978175797,1
2352994598,1,social_spambots_2,0.999468972481542,1
113494720,1,traditional_spambots_1,0.9998723592000797,1
2272589820,0,genuine_accounts,0.03651756501513455,0
2367870068,1,social_spambots_2,0.9996090744852845,1
604961774,0,genuine_accounts,0.03752774611593104,0
2378429094,1,social_spambots_2,0.9996873851694069,1
51912733,1,traditional_spambots_1,0.9917458674467182,1
2357267365,1,social_spambots_2,0.9998442745711849,1
2352807661,1,social_spambots_2,0.9994612343523824,1
2355676568,1,social_spambots_2,0.9997167762539659,1
2364401004,1,social_spambots_2,0.9997669838656815,1
235696520,0,genuine_accounts,0.1301538004213386,0
2354285058,1,social_spambots_2,0.99957875869139,1
2352012912,1,social_spambots_2,0.9999793855979313,1
1967103792,0,genuine_accounts,0.8771661487800955,1
2357391776,1,social_spambots_2,0.9990969633844902,1
466162451,1,social_spambots_1,0.9997537564315218,1
2363591599,1,social_spambots_2,0.9998656483436215,1
467182346,1,social_spambots_1,0.9994919674475792,1
2350316520,1,social_spambots_2,0.9999751806644183,1
557844186,1,social_spambots_1,0.9998654311490149,1
90659346,1,traditional_spambots_1,0.9963641532103947,1
66286914,1,traditional_spambots_1,0.9782532331993259,1
2385578917,1,social_spambots_2,0.9994092861663516,1
467142582,1,social_spambots_1,0.9988743573440055,1
2384245830,1,social_spambots_2,0.999330916082792,1
64973721,1,traditional_spambots_1,0.9731645851825446,1
466334990,1,social_spambots_1,0.9997082652709841,1
576273051,1,social_spambots_1,0.9997699425976874,1
2355225331,1,social_spambots_2,0.9998709165180847,1
54353595,1,traditional_spambots_1,0.9820326499570123,1
466296464,1,social_spambots_1,0.9997885625278509,1
2380183135,1,social_spambots_2,0.9999868191334983,1
102128244,1,traditional_spambots_1,0.9998015747345359,1
486111271,0,genuine_accounts,0.0776362254826729,0
2358949748,1,social_spambots_2,0.9999817014168952,1
98034633,1,traditional_spambots_1,0.9996901369225633,1
2354112254,1,social_spambots_2,0.9994729969075106,1
2371241653,1,social_spambots_2,0.9995787429750242,1
99073918,1,traditional_spambots_1,0.9947264422922426,1
466159914,1,social_spambots_1,0.9994957793627357,1
2271452346,1,social_spambots_2,0.999666433313374,1
17242852,0,genuine_accounts,0.002026941519988566,0
92397636,1,traditional_spambots_1,0.9853060827195232,1
539208852,1,social_spambots_1,0.9994436904867957,1
2349984169,1,social_spambots_2,0.9991598730416392,1
2381999064,1,social_spambots_2,0.986573653107025,1
2374128354,1,social_spambots_2,0.9999910539849521,1
2354889212,1,social_spambots_2,0.9907779492848373,1
233783035,0,genuine_accounts,0.002715674412218333,0
1672188043,0,genuine_accounts,0.01234455859441429,0
466435521,1,social_spambots_1,0.9993485540376887,1
2363170070,1,social_spambots_2,0.9995399574094674,1
2359444374,1,social_spambots_2,0.9997106760292521,1
82891353,1,traditional_spambots_1,0.9997695899844338,1
2386421436,1,social_spambots_2,0.9997645804268673,1
2360100590,1,social_spambots_2,0.9991830950752849,1
2354808734,1,social_spambots_2,0.9996281760661704,1
106925181,1,traditional_spambots_1,0.9997754895705816,1
187248137,0,genuine_accounts,0.14479684551596378,0
2363128404,1,social_spambots_2,0.9997812292474972,1
79354097,1,traditional_spambots_1,0.9978600253537049,1
2355678636,1,social_spambots_2,0.999792714845702,1
466133310,1,social_spambots_1,0.9994930641697266,1
2356372398,1,social_spambots_2,0.9992859303990798,1
2366238889,1,social_spambots_2,0.9999725937178365,1
192114883,0,genuine_accounts,0.27587116594718863,0
1273207741,1,social_spambots_1,0.999810350367604,1
2169418620,0,genuine_accounts,0.0765295985538887,0
2368387074,1,social_spambots_2,0.9999750850164203,1
578727389,0,genuine_accounts,0.019991114375470513,0
191365906,0,genuine_accounts,0.035643295816742616,0
2361321409,1,social_spambots_2,0.9998083557013313,1
20455924,0,genuine_accounts,0.00502906161377388,0
2361198763,1,social_spambots_2,0.9996122111771963,1
2386016598,1,social_spambots_2,0.9825467462838615,1
8548002,0,genuine_accounts,0.004480861658474471,0
347591349,1,social_spambots_3,0.9861058433080003,1
2352329916,1,social_spambots_2,0.9998167651781295,1
335401278,1,social_spambots_3,0.9891736970494536,1
466161043,1,social_spambots_1,0.9993933236934434,1
2352677648,1,social_spambots_2,0.9995462939820623,1
113122211,1,traditional_spambots_1,0.9998345551268842,1
483620211,0,genuine_accounts,0.013283784614071984,0
2265546086,0,genuine_accounts,0.038779281569463156,0
1580244270,1,social_spambots_3,0.99998895635851,1
2358406981,1,social_spambots_2,0.9997722443343212,1
1639398596,1,social_spambots_3,0.9999908140851771,1
2383160330,1,social_spambots_2,0.9989701712598162,1
434790178,1,social_spambots_1,0.99972572250126,1
466415815,1,social_spambots_1,0.999498400183759,1
531135197,1,social_spambots_3,0.9859292577778046,1
101882667,1,social_spambots_3,0.9997808716155774,1
2353117237,1,social_spambots_2,0.9999910338540714,1
105424482,1,traditional_spambots_1,0.999039115291205,1
73036679,1,traditional_spambots_1,0.9964479664671402,1
107731799,1,traditional_spambots_1,0.999739140458669,1
2349977298,1,social_spambots_2,0.9999824954282355,1
105510362,1,traditional_spambots_1,0.9998665161303075,1
22207145,0,genuine_accounts,0.17117190838183283,0
2353041547,1,social_spambots_2,0.9996695422506366,1
2199062688,0,genuine_accounts,0.7060196452567535,1
531135194,1,social_spambots_3,0.9885938618800223,1
2360052638,1,social_spambots_2,0.9894692814798238,1
531155971,1,social_spambots_3,0.9999811861468503,1
43747581,1,traditional_spambots_1,0.994954541021517,1
465403330,1,social_spambots_1,0.999239700140485,1
2293511256,0,genuine_accounts,0.034183752704975576,0
97015370,1,traditional_spambots_1,0.9998545445491814,1
2375197418,1,social_spambots_2,0.9872812486152668,1
2368582734,1,social_spambots_2,0.9998276830319217,1
166723169,1,social_spambots_3,0.971325722073407,1
2353459783,1,social_spambots_2,0.9995093800251112,1
100394441,1,traditional_spambots_1,0.9751256463107442,1
107392647,1,traditional_spambots_1,0.9996539699340243,1
2358584444,1,social_spambots_2,0.986095441888919,1
71775302,1,traditional_spambots_1,0.9065933377490998,1
2359563900,1,social_spambots_2,0.9999896273944181,1
2363999472,1,social_spambots_2,0.9999738989321865,1
2382344000,1,social_spambots_2,0.9998726842565405,1
81060745,1,traditional_spambots_1,0.8219216178629539,1
29922606,1,social_spambots_2,0.999692474294083,1
2360285328,1,social_spambots_2,0.9994045062974134,1
2354497658,1,social_spambots_2,0.9996214546239918,1
465393290,1,social_spambots_1,0.9997278758676422,1
183760147,0,genuine_accounts,0.007186423174024338,0
177906959,0,genuine_accounts,0.005901921163974906,0
165952010,0,genuine_accounts,0.03334838685572271,0
2380747615,1,social_spambots_2,0.9997066385590818,1
2380211371,1,social_spambots_2,0.9997715475291988,1
2375954011,1,social_spambots_2,0.9999829965105139,1
2348957142,1,social_spambots_2,0.9996625093877254,1
2384166104,1,social_spambots_2,0.9999869712853832,1
2384189168,1,social_spambots_2,0.9993224226568913,1
2380303262,1,social_spambots_2,0.9998210343388347,1
2358575347,1,social_spambots_2,0.9996169279359501,1
2358425053,1,social_spambots_2,0.9997895962142609,1
2363940350,1,social_spambots_2,0.9998188784103755,1
215443582,0,genuine_accounts,0.007938500787249524,0
2370754393,1,social_spambots_2,0.9995361368638784,1
2359687441,1,social_spambots_2,0.9999849133309195,1
2375233591,1,social_spambots_2,0.9986170586272725,1
465387671,1,social_spambots_1,0.9997521445482791,1
2363996527,1,social_spambots_2,0.9993015415880178,1
2377447818,1,social_spambots_2,0.9992657751602578,1
68195984,1,traditional_spambots_1,0.9995222707807978,1
465347437,1,social_spambots_1,0.9994928684022725,1
347491211,1,social_spambots_3,0.999145491261201,1
29822733,1,traditional_spambots_1,0.9811564735646858,1
538912751,1,social_spambots_1,0.9993214749768106,1
2349862765,1,social_spambots_2,0.9991689837220644,1
2370380018,1,social_spambots_2,0.9998281864111329,1
2352911527,1,social_spambots_2,0.9998507808111196,1
94111019,1,traditional_spambots_1,0.9934508363573705,1
531229047,1,social_spambots_3,0.9999774860522228,1
2386462303,1,social_spambots_2,0.9992389791738846,1
516091870,0,genuine_accounts,0.16540321716925077,0
43510557,1,traditional_spambots_1,0.48086366468401565,0
10866252,0,genuine_accounts,0.007974473476298977,0
613495125,1,social_spambots_1,0.9993954538477048,1
2353718966,1,social_spambots_2,0.9996982857157757,1
185322197,0,genuine_accounts,0.006849994451036542,0
2370503983,1,social_spambots_2,0.9999878799788309,1
2356768483,1,social_spambots_2,0.9989137169712461,1
531165847,1,social_spambots_3,0.9999883644572705,1
2371063069,1,social_spambots_2,0.9999047526054208,1
466360562,1,social_spambots_1,0.9997278220027755,1
47731919,1,traditional_spambots_1,0.6493332537680084,1
2349614311,1,social_spambots_2,0.9994775087614803,1
60430205,1,traditional_spambots_1,0.9988313457772952,1
2379970706,1,social_spambots_2,0.9942708211440549,1
65968933,1,traditional_spambots_1,0.9705000144422835,1
114340811,1,traditional_spambots_1,0.9979204378777264,1
103042244,1,traditional_spambots_1,0.999873834665523,1
2349557204,1,social_spambots_2,0.9999761505137439,1
466460908,1,social_spambots_1,0.9997779397766446,1
2349684169,1,social_spambots_2,0.9997462755064017,1
1273204765,1,social_spambots_1,0.9996768336350945,1
2266494228,1,social_spambots_2,0.9996455267998527,1
2376837104,1,social_spambots_2,0.9904592061601042,1
569186504,1,social_spambots_1,0.999756473217657,1
489042575,0,genuine_accounts,0.022741399954649917,0
80737089,1,traditional_spambots_1,0.8347399968973297,1
2352846920,1,social_spambots_2,0.9994514338666379,1
1388500788,1,social_spambots_3,0.9999767299593252,1
467129439,1,social_spambots_1,0.9994287374310359,1
18378944,0,genuine_accounts,0.01502858673178038,0
2377036634,1,social_spambots_2,0.9999848776906225,1
2351080436,1,social_spambots_2,0.9997822160077352,1
26967415,0,genuine_accounts,0.06806458006140739,0
2381822418,1,social_spambots_2,0.9997697155110095,1
2357430511,1,social_spambots_2,0.9996810487528982,1
2377861590,1,social_spambots_2,0.9997606056924226,1
45497562,1,traditional_spambots_1,0.9931268657701985,1
2360719850,1,social_spambots_2,0.9998221381042347,1
2368537207,1,social_spambots_2,0.9993775715131961,1
2357448985,1,social_spambots_2,0.9997722947234697,1
496168830,0,genuine_accounts,0.04439337531388121,0
2351884837,1,social_spambots_2,0.9999832477609398,1
2368639482,1,social_spambots_2,0.9992326964501312,1
2383756734,1,social_spambots_2,0.9997344191830685,1
107063543,1,traditional_spambots_1,0.9998863217341147,1
2384298854,1,social_spambots_2,0.9999886047044741,1
2352117918,1,social_spambots_2,0.999677044546333,1
2363643973,1,social_spambots_2,0.9996720750468082,1
2354967918,1,social_spambots_2,0.9998823101125291,1
47891113,1,traditional_spambots_1,0.9952433160975008,1
2384227339,1,social_spambots_2,0.9992783177502347,1
1273183536,1,social_spambots_1,0.9996470820138545,1
531177445,1,social_spambots_3,0.9999839608650003,1
104922377,1,traditional_spambots_1,0.9993731087483779,1
63255441,1,traditional_spambots_1,0.9994133471123975,1
65354068,1,traditional_spambots_1,0.9691146422039125,1
520499857,0,genuine_accounts,0.04226313579206925,0
2360730679,1,social_spambots_2,0.9999676848338218,1
2353415989,1,social_spambots_2,0.9997336361728483,1
2376495600,1,social_spambots_2,0.9999754568685321,1
19620476,0,genuine_accounts,0.019799343255825764,0
523741789,1,social_spambots_3,0.9999873216971722,1
2380444051,1,social_spambots_2,0.9996782850939325,1
2380298010,1,social_spambots_2,0.999473956219477,1
2350047786,1,social_spambots_2,0.9999613521065454,1
2360646732,1,social_spambots_2,0.9995134041072335,1
2377850018,1,social_spambots_2,0.9999912188722776,1
2377541917,1,social_spambots_2,0.9998053210877004,1
1273187820,1,social_spambots_1,0.9998618954626913,1
64152501,1,traditional_spambots_1,0.9800511359340419,1
2384660372,1,social_spambots_2,0.9996697198821651,1
2358501398,1,social_spambots_2,0.9998974817639678,1
2374859071,1,social_spambots_2,0.9998410570137214,1
531143012,1,social_spambots_3,0.9999827276812816,1
2355003306,1,social_spambots_2,0.9998752255504417,1
104903034,1,traditional_spambots_1,0.9999021876653964,1
2360333022,1,social_spambots_2,0.9999834722980234,1
226773156,0,genuine_accounts,0.009245778728136452,0
2358288788,1,social_spambots_2,0.9993145713601137,1
102744481,1,traditional_spambots_1,0.9998436452893735,1
2359843627,1,social_spambots_2,0.9997191800224602,1
2384101910,1,social_spambots_2,0.9819938414812643,1
2384283846,1,social_spambots_2,0.9995157334578412,1
2429405521,1,social_spambots_3,0.999984985223483,1
21622362,0,genuine_accounts,0.003769256035185877,0
522354942,1,social_spambots_3,0.9654465024925669,1
2272618428,1,social_spambots_1,0.999791898704634,1
2378076452,1,social_spambots_2,0.9996797716459372,1
2265827263,1,social_spambots_2,0.9996673087964124,1
2354069323,1,social_spambots_2,0.9998727896880153,1
157882740,1,social_spambots_3,0.9996514385657733,1
539219286,1,social_spambots_1,0.9998506863789057,1
466438693,1,social_spambots_1,0.9996091671961216,1
169325249,0,genuine_accounts,0.02476373957816775,0
92618523,1,traditional_spambots_1,0.9939338591419201,1
2349775940,1,social_spambots_2,0.9993933356501585,1
538883948,1,social_spambots_1,0.999772630645376,1
467129656,1,social_spambots_1,0.9998190877516138,1
2234967314,0,genuine_accounts,0.09458529229378897,0
466141484,1,social_spambots_1,0.9996489190714772,1
2356073467,1,social_spambots_2,0.99980260119115,1
2212898329,1,social_spambots_2,0.9999839088747763,1
2357363780,1,social_spambots_2,0.9997208610582184,1
2375228744,1,social_spambots_2,0.9997661560932152,1
242400866,1,social_spambots_3,0.9898169469964457,1
2352687170,1,social_spambots_2,0.9997735442507677,1
466317569,1,social_spambots_1,0.9993743237318782,1
56612338,1,traditional_spambots_1,0.914137749084369,1
708194412,1,social_spambots_3,0.9999706282412806,1
2358835236,1,social_spambots_2,0.9999771209615889,1
2360180166,1,social_spambots_2,0.9995261513753662,1
71301269,1,traditional_spambots_1,0.9982258655343399,1
2375427152,1,social_spambots_2,0.9994021117465813,1
2356777770,1,social_spambots_2,0.9993083212374175,1
84325988,1,traditional_spambots_1,0.9127572423163901,1
2360557796,1,social_spambots_2,0.9997357195660683,1
531244770,1,social_spambots_3,0.9999851247246798,1
2366546125,1,social_spambots_2,0.9996116004916618,1
466224759,1,social_spambots_1,0.9997914245857968,1
2366212130,1,social_spambots_2,0.9999787204672291,1
2353421623,1,social_spambots_2,0.999341922954352,1
2384633174,1,social_spambots_2,0.999683604518337,1
2349695514,1,social_spambots_2,0.9996596229999778,1
2384415344,1,social_spambots_2,0.9999905623466905,1
604582383,0,genuine_accounts,0.013694326399692678,0
708218874,1,social_spambots_3,0.9999844178645724,1
567430901,1,social_spambots_1,0.9995828454596427,1
54890930,1,traditional_spambots_1,0.977158873235265,1
2367835429,1,social_spambots_2,0.9998252377474189,1
53783352,1,traditional_spambots_1,0.9919653462835845,1
2352558504,1,social_spambots_2,0.9998692869761661,1
1966433113,0,genuine_accounts,0.0023891106306807713,0
61411155,1,traditional_spambots_1,0.999729640627607,1
2266954628,0,genuine_accounts,0.006855577687959785,0
69218407,1,traditional_spambots_1,0.9989229834166677,1
425528043,1,social_spambots_3,0.9828540882921748,1
539977804,0,genuine_accounts,0.10966874808268082,0
2384209417,1,social_spambots_2,0.9999738665132336,1
2370866503,1,social_spambots_2,0.9991054331532864,1
2362680805,1,social_spambots_2,0.9993409675606278,1
2294241263,0,genuine_accounts,0.002377656326012431,0
27582887,0,genuine_accounts,0.011142641156163133,0
2378380094,1,social_spambots_2,0.9997618157483996,1
2366095543,1,social_spambots_2,0.9998022480535982,1
2384151421,1,social_spambots_2,0.999618705372589,1
2385011078,1,social_spambots_2,0.9998938663234094,1
2364391710,1,social_spambots_2,0.9999799907990011,1
2355208813,1,social_spambots_2,0.9992576087651772,1
2355739508,1,social_spambots_2,0.9993666595541135,1
2361722666,1,social_spambots_2,0.9994834009952841,1
240706202,1,social_spambots_1,0.9995688569811397,1
2355960774,1,social_spambots_2,0.9985125769255646,1
2364037854,1,social_spambots_2,0.9918699373698493,1
2359011648,1,social_spambots_2,0.999781635172446,1
198249025,0,genuine_accounts,0.017730986012740358,0
2352618876,1,social_spambots_2,0.9995953761014377,1
1676579581,0,genuine_accounts,0.5912741351466069,1
2212593386,1,social_spambots_2,0.999973527087827,1
2348486216,1,social_spambots_2,0.9996284720800979,1
466419130,1,social_spambots_1,0.9995082021652616,1
241240275,0,genuine_accounts,0.003598380172715677,0
2351835457,1,social_spambots_2,0.9999848540568677,1
466422005,1,social_spambots_1,0.9995388253580935,1
581233948,0,genuine_accounts,0.06830822460464399,0
16957615,0,genuine_accounts,0.007902280668043904,0
2377024164,1,social_spambots_2,0.9995309223880839,1
2362500349,1,social_spambots_2,0.9997358543979061,1
2355831968,1,social_spambots_2,0.9999739824740426,1
2384837917,1,social_spambots_2,0.9999853219833981,1
2353952454,1,social_spambots_2,0.9815548214772345,1
545308370,1,social_spambots_1,0.9992359767851718,1
2384781834,1,social_spambots_2,0.9998054043683862,1
2382690872,1,social_spambots_2,0.9996727158302244,1
26117307,1,social_spambots_3,0.9976306824656251,1
2368449139,1,social_spambots_2,0.9997975751504349,1
2386578300,1,social_spambots_2,0.9996772825254551,1
2370530605,1,social_spambots_2,0.9999741279455593,1
467128482,1,social_spambots_1,0.9998877452982479,1
2362558579,1,social_spambots_2,0.9926746308380221,1
531218181,1,social_spambots_3,0.9999879232690734,1
2353543376,1,social_spambots_2,0.9999881945179412,1
2359459026,1,social_spambots_2,0.9999847787927523,1
466320371,1,social_spambots_1,0.9996678465746609,1
2349837446,1,social_spambots_2,0.9995058120811005,1
2352186397,1,social_spambots_2,0.9998093067190261,1
2269483532,0,genuine_accounts,0.0027138282507378486,0
2374799449,1,social_spambots_2,0.9907392057048099,1
2366433282,1,social_spambots_2,0.9996948649258517,1
2351463529,1,social_spambots_2,0.9998167946627199,1
26912227,1,traditional_spambots_1,0.7020497805695697,1
2376868266,1,social_spambots_2,0.999971826331748,1
517160489,0,genuine_accounts,0.016389952703076714,0
2363989344,1,social_spambots_2,0.9992399507668978,1
2351957510,1,social_spambots_2,0.9998795016623225,1
2360807268,1,social_spambots_2,0.9999825782143643,1
576821141,0,genuine_accounts,0.003331320433774632,0
520282672,0,genuine_accounts,0.023719393483506386,0
109246054,1,traditional_spambots_1,0.9995061092189014,1
2354387858,1,social_spambots_2,0.9999884012067634,1
2357889667,1,social_spambots_2,0.9983773693418933,1
2381781992,1,social_spambots_2,0.9994476898198226,1
2352768619,1,social_spambots_2,0.9996013692589107,1
2384700522,1,social_spambots_2,0.9999766202623848,1
52040849,1,traditional_spambots_1,0.9962134639597908,1
2331545711,0,genuine_accounts,0.3697042572778443,0
2375911921,1,social_spambots_2,0.999983864588069,1
522351391,1,social_spambots_3,0.9920363576219989,1
103044435,1,traditional_spambots_1,0.9996997049053038,1
98422697,1,traditional_spambots_1,0.9997341559077519,1
74398201,1,traditional_spambots_1,0.9871354634429149,1
2237494153,0,genuine_accounts,0.013512938629299606,0
149038171,0,genuine_accounts,0.006094826660167808,0
2360234756,1,social_spambots_2,0.9997825431765639,1
2354870666,1,social_spambots_2,0.9998484451058424,1
571446535,0,genuine_accounts,0.08546368378996058,0
2357360240,1,social_spambots_2,0.9992607433161007,1
103090636,1,traditional_spambots_1,0.9998862081697479,1
2221181299,1,social_spambots_1,0.9998141972647859,1
2353165838,1,social_spambots_2,0.9997118255317268,1
2384234527,1,social_spambots_2,0.9998240162174641,1
567354088,1,social_spambots_1,0.9998016516861629,1
46408524,1,traditional_spambots_1,0.9997700696091536,1
1882244610,0,genuine_accounts,0.030708175405818806,0
2375654202,1,social_spambots_2,0.9999816945311568,1
75408753,1,traditional_spambots_1,0.9997463302461093,1
102158636,1,traditional_spambots_1,0.9987255316095144,1
531144512,1,social_spambots_3,0.9999882714901058,1
104842190,1,traditional_spambots_1,0.9998611067268405,1
465380942,1,social_spambots_1,0.9998524721628848,1
468021891,1,social_spambots_1,0.9996805182128806,1
887281,0,genuine_accounts,0.13982644949944953,0
2385907087,1,social_spambots_2,0.9996955121971579,1
107237577,1,traditional_spambots_1,0.9984383686601086,1
306505454,1,social_spambots_3,0.986713429122711,1
100767001,1,traditional_spambots_1,0.999803420143266,1
2384089748,1,social_spambots_2,0.9999867770978492,1
2358192877,1,social_spambots_2,0.9998184446380763,1
467194119,1,social_spambots_1,0.9997196461465349,1
2355925670,1,social_spambots_2,0.9996363711838526,1
2355172783,1,social_spambots_2,0.9997020794882971,1
2384741894,1,social_spambots_2,0.9995850557454622,1
234655327,0,genuine_accounts,0.028321668901758818,0
2370154838,1,social_spambots_2,0.9881769058589972,1
2360161147,1,social_spambots_2,0.9995133449437749,1
2379541638,1,social_spambots_2,0.9997230862996787,1
38344324,1,traditional_spambots_1,0.995424672101745,1
2359866090,1,social_spambots_2,0.9993604095658768,1
2362298191,1,social_spambots_2,0.99350137787204,1
467075404,1,social_spambots_1,0.9997057667928806,1
41177563,1,traditional_spambots_1,0.9979491628676891,1
51905951,1,traditional_spambots_1,0.9877685744915432,1
19190434,0,genuine_accounts,0.008419724878774019,0
107488828,1,traditional_spambots_1,0.9992982850768785,1
480748987,0,genuine_accounts,0.036640904783399916,0
538945998,1,social_spambots_1,0.9996611894004067,1
163523407,0,genuine_accounts,0.06046527199553111,0
69214769,1,traditional_spambots_1,0.9990823448597188,1
2364707538,1,social_spambots_2,0.9996259720677664,1
2378847420,1,social_spambots_2,0.999785831262072,1
2353513633,1,social_spambots_2,0.9950190550924098,1
1273202606,1,social_spambots_1,0.9989421851384236,1
2350919977,1,social_spambots_2,0.9972709832749864,1
64927043,1,traditional_spambots_1,0.987449329493223,1
545708584,1,social_spambots_1,0.9996471281818637,1
69169633,1,traditional_spambots_1,0.9965331164800167,1
102988283,1,traditional_spambots_1,0.9998864151998207,1
557910814,0,genuine_accounts,0.48862968189265177,0
2366699862,1,social_spambots_2,0.9992591854680668,1
2357575068,1,social_spambots_2,0.999984727767713,1
2355009522,1,social_spambots_2,0.9996435632994191,1
2351165744,1,social_spambots_2,0.9996860718084412,1
538877096,1,social_spambots_1,0.9993720832961038,1
2218308561,0,genuine_accounts,0.03979824327545784,0
611525563,1,social_spambots_1,0.9995152394087465,1
2382863214,1,social_spambots_2,0.9988040796432338,1
107210152,1,traditional_spambots_1,0.9998580936815561,1
2374011018,1,social_spambots_2,0.9999823221159263,1
2370671749,1,social_spambots_2,0.999983210630919,1
13971722,0,genuine_accounts,0.01936065973412573,0
2358226050,1,social_spambots_2,0.9999810630658275,1
483910950,0,genuine_accounts,0.8818990397437954,1
466416786,1,social_spambots_1,0.9997417157608804,1
2371178828,1,social_spambots_2,0.999978681012324,1
2356885248,1,social_spambots_2,0.9994727901122327,1
95328374,1,traditional_spambots_1,0.9997286848236554,1
467191820,1,social_spambots_1,0.9995537449867206,1
2354849851,1,social_spambots_2,0.999570472142872,1
2368250720,1,social_spambots_2,0.9994294651275766,1
106738824,1,traditional_spambots_1,0.9997589502876227,1
531155456,1,social_spambots_3,0.999986944525388,1
465373507,1,social_spambots_1,0.9998417291149249,1
2383643276,1,social_spambots_2,0.7916578948217105,1
2359899096,1,social_spambots_2,0.9853322035604796,1
2236789484,0,genuine_accounts,0.030379162643956813,0
465319501,1,social_spambots_1,0.9995931603820807,1
2220403502,1,social_spambots_2,0.9998706763350362,1
7732472,1,traditional_spambots_1,0.9309168205308437,1
96378556,1,traditional_spambots_1,0.9995499738478933,1
2361939307,1,social_spambots_2,0.9994412626398343,1
221180534,1,social_spambots_3,0.9875474485081597,1
192378109,0,genuine_accounts,0.006926271999559588,0
2352294024,1,social_spambots_2,0.9996132959010557,1
531146542,1,social_spambots_3,0.9999776447664461,1
242534704,1,social_spambots_3,0.7535233407991824,1
2358740330,1,social_spambots_2,0.9997563993238725,1
185914183,0,genuine_accounts,0.02333028805884733,0
2370927643,1,social_spambots_2,0.9998410475642266,1
156751025,0,genuine_accounts,0.03296070618683448,0
2370626401,1,social_spambots_2,0.9994009317774527,1
2150667102,0,genuine_accounts,0.21855707060887802,0
711518438,1,social_spambots_3,0.9999824148242858,1
2386083392,1,social_spambots_2,0.9999864011449455,1
539048096,1,social_spambots_1,0.999845369847759,1
2278869114,1,social_spambots_1,0.9996923250626442,1
2360652373,1,social_spambots_2,0.9894090683424208,1
83010740,1,traditional_spambots_1,0.9993900221148273,1
467149104,1,social_spambots_1,0.9996325466424771,1
467195613,1,social_spambots_1,0.9998093273460175,1
2353342369,1,social_spambots_2,0.999672085526357,1
531141878,1,social_spambots_3,0.9999773450991144,1
2357417666,1,social_spambots_2,0.9999731210306727,1
107798859,1,traditional_spambots_1,0.9990057912911225,1
231225050,0,genuine_accounts,0.03261710166090143,0
2357851656,1,social_spambots_2,0.9997016930719088,1
2384967678,1,social_spambots_2,0.999496146510911,1
465404789,1,social_spambots_1,0.9996990472337204,1
2356909836,1,social_spambots_2,0.99997406099996,1
2362511365,1,social_spambots_2,0.9991671559741981,1
108392831,1,traditional_spambots_1,0.9989442416859008,1
521093819,1,social_spambots_3,0.9840145851158251,1
2357510947,1,social_spambots_2,0.9997326915880077,1
231957917,0,genuine_accounts,0.017924784331003845,0
24320335,1,traditional_spambots_1,0.9836942580175355,1
2378460950,1,social_spambots_2,0.9999861140225847,1
546533556,0,genuine_accounts,0.008207511793723928,0
2376920149,1,social_spambots_2,0.9997783457237869,1
2359852110,1,social_spambots_2,0.9992926843172988,1
223345906,0,genuine_accounts,0.03340829384092717,0
2367798872,1,social_spambots_2,0.9997972918414992,1
2361319741,1,social_spambots_2,0.9997225695764704,1
2355099942,1,social_spambots_2,0.9931328213027794,1
2152052819,0,genuine_accounts,0.013054664355325766,0
2350911115,1,social_spambots_2,0.9996930685077727,1
1273208959,1,social_spambots_1,0.9995138876503006,1
467168607,1,social_spambots_1,0.9997967954067544,1
49270232,1,traditional_spambots_1,0.9626624644495859,1
102795666,1,traditional_spambots_1,0.9998843424619375,1
360744463,1,social_spambots_3,0.9884582890810132,1
708116888,1,social_spambots_3,0.9999767057919866,1
466288937,1,social_spambots_1,0.9997475658981404,1
82792501,1,traditional_spambots_1,0.9998755994846679,1
21331733,1,social_spambots_3,0.9030874240920952,1
2379457004,1,social_spambots_2,0.9995959872292449,1
1930770414,0,genuine_accounts,0.09216838936506,0
465196345,1,social_spambots_1,0.9995299376621709,1
2370654294,1,social_spambots_2,0.9994166882528216,1
2311184364,0,genuine_accounts,0.1313413357466419,0
573246139,0,genuine_accounts,0.00960322233007127,0
2352359558,1,social_spambots_2,0.9996316887076644,1
2374620703,1,social_spambots_2,0.9996909292010528,1
2265488803,1,social_spambots_2,0.9999747804038688,1
2372363304,1,social_spambots_2,0.995341996808573,1
2351010823,1,social_spambots_2,0.9999897157511801,1
54634998,1,traditional_spambots_1,0.9786752226602417,1
104909939,1,traditional_spambots_1,0.9999112519337865,1
2381053058,1,social_spambots_2,0.999125211473794,1
2375054118,1,social_spambots_2,0.9998320028012895,1
2362667418,1,social_spambots_2,0.9997638592829039,1
466256821,1,social_spambots_1,0.9997212116697842,1
98034594,1,traditional_spambots_1,0.9986457655704684,1
2363654694,1,social_spambots_2,0.9998445921464855,1
71564424,1,traditional_spambots_1,0.998434587773992,1
2357564318,1,social_spambots_2,0.9997382645335048,1
491673056,0,genuine_accounts,0.03905500004038545,0
2277235752,1,social_spambots_1,0.9994946892553616,1
65296854,1,traditional_spambots_1,0.9985437966287186,1
614220713,1,social_spambots_1,0.9998118763973262,1
2182527116,0,genuine_accounts,0.014244865242027924,0
93234710,1,traditional_spambots_1,0.9998672134149416,1
615041347,1,social_spambots_1,0.9997641908759253,1
2380773902,1,social_spambots_2,0.9999747421752023,1
2384028577,1,social_spambots_2,0.9992478709523128,1
1894751762,0,genuine_accounts,0.008465096868066438,0
149723283,0,genuine_accounts,0.10024734499487784,0
2238512887,0,genuine_accounts,0.06627125207285772,0
2355838308,1,social_spambots_2,0.987420625345643,1
2270714558,1,social_spambots_1,0.9998196009991741,1
2354971056,1,social_spambots_2,0.9917391855451898,1
15805367,0,genuine_accounts,0.0019924431230115194,0
53029957,1,traditional_spambots_1,0.9770975167767023,1
565771674,1,social_spambots_1,0.9994168352108634,1
2363031037,1,social_spambots_2,0.9997733151623972,1
133834939,1,social_spambots_3,0.999673387638364,1
49669394,1,traditional_spambots_1,0.9792165021194232,1
525965404,0,genuine_accounts,0.011536201736036741,0
2359593774,1,social_spambots_2,0.9998745397074474,1
2356951231,1,social_spambots_2,0.999958673451187,1
2354060245,1,social_spambots_2,0.9998328041548931,1
2384744958,1,social_spambots_2,0.9999733088363045,1
2360250044,1,social_spambots_2,0.9997936171345676,1
2366093209,1,social_spambots_2,0.9994204971956833,1
2355199543,1,social_spambots_2,0.9998249993771386,1
589910604,0,genuine_accounts,0.0266179533321804,0
2355771019,1,social_spambots_2,0.9998086976415298,1
77172901,1,traditional_spambots_1,0.9983806652150026,1
2362768316,1,social_spambots_2,0.9997634530792787,1
2357119321,1,social_spambots_2,0.9843328791086006,1
101560756,1,traditional_spambots_1,0.9975888511431797,1
2358074875,1,social_spambots_2,0.9992657731426704,1
150873009,0,genuine_accounts,0.031183737549157237,0
466241419,1,social_spambots_1,0.9992723436624888,1
2360229577,1,social_spambots_2,0.9998772402806434,1
2377824468,1,social_spambots_2,0.9999839134267721,1
2352427236,1,social_spambots_2,0.9986804603389825,1
67848204,1,traditional_spambots_1,0.9992959503479973,1
2354257993,1,social_spambots_2,0.999792452279516,1
467147652,1,social_spambots_1,0.9997200985821271,1
466264439,1,social_spambots_1,0.9994896968856738,1
297613967,1,social_spambots_3,0.9849838743009318,1
2356933212,1,social_spambots_2,0.9998114748199217,1
466234508,1,social_spambots_1,0.9997965411543355,1
93906216,1,traditional_spambots_1,0.9957307375977447,1
2369094828,1,social_spambots_2,0.9988568275006319,1
2356779829,1,social_spambots_2,0.9995683872647658,1
2381458105,1,social_spambots_2,0.9999062386863432,1
2356348560,1,social_spambots_2,0.9999880044792725,1
2379708266,1,social_spambots_2,0.999777403999194,1
466294714,1,social_spambots_1,0.9995622274278011,1
2356114964,1,social_spambots_2,0.9999807071453333,1
2385839570,1,social_spambots_2,0.9998824316643283,1
2351915804,1,social_spambots_2,0.9996318130862818,1
2352888302,1,social_spambots_2,0.9993078037560054,1
604400674,0,genuine_accounts,0.01160122362334556,0
2362195375,1,social_spambots_2,0.9993120107306565,1
185165914,0,genuine_accounts,0.04356672543565413,0
1715241043,0,genuine_accounts,0.03320835107627287,0
64222725,1,traditional_spambots_1,0.999347494157057,1
2353052042,1,social_spambots_2,0.9998805739006713,1
24104971,0,genuine_accounts,0.014266458920240976,0
82404691,1,traditional_spambots_1,0.998774197706644,1
2358867702,1,social_spambots_2,0.9999779084442594,1
67598048,1,traditional_spambots_1,0.9990906703993699,1
162035733,1,social_spambots_3,0.7917860650680372,1
105882349,1,traditional_spambots_1,0.9989752028663614,1
2360694624,1,social_spambots_2,0.9999856855180106,1
2366609593,1,social_spambots_2,0.9990947886057789,1
2351605818,1,social_spambots_2,0.9999665381525311,1
531223365,1,social_spambots_3,0.9999888124669714,1
65031866,1,traditional_spambots_1,0.9793646134477841,1
466462817,1,social_spambots_1,0.9998022812336643,1
2356874898,1,social_spambots_2,0.9997566204324132,1
531134291,1,social_spambots_3,0.9999816652107333,1
2354085966,1,social_spambots_2,0.9992622563804423,1
2352831228,1,social_spambots_2,0.9997917021056404,1
2350961034,1,social_spambots_2,0.9993341127165081,1
570790782,1,social_spambots_1,0.9997685303058311,1
106849778,1,traditional_spambots_1,0.9998682275914312,1
1871678053,0,genuine_accounts,0.008645999607629188,0
25085431,0,genuine_accounts,0.03168484296136279,0
82503451,1,traditional_spambots_1,0.9986066485207734,1
466448027,1,social_spambots_1,0.9997158670581999,1
1638815436,1,social_spambots_3,0.9999839179106991,1
2352857269,1,social_spambots_2,0.9998845075188332,1
2378545333,1,social_spambots_2,0.9997336234680068,1
68089873,1,traditional_spambots_1,0.9994037869162646,1
153162975,0,genuine_accounts,0.00673715273657406,0
2373994284,1,social_spambots_2,0.9999840342960201,1
2366486509,1,social_spambots_2,0.9991842797029715,1
63074400,1,traditional_spambots_1,0.9904157844338066,1
2372560537,1,social_spambots_2,0.9997233808652449,1
467111837,1,social_spambots_1,0.9998118327629602,1
2382537662,1,social_spambots_2,0.9999606580259686,1
64489557,1,traditional_spambots_1,0.999479494816024,1
2362405202,1,social_spambots_2,0.9994539680622898,1
2383942940,1,social_spambots_2,0.9996492119282122,1
38962259,1,traditional_spambots_1,0.3773083044759969,0
2359487971,1,social_spambots_2,0.9994531993493224,1
2376901322,1,social_spambots_2,0.9997127786273001,1
2357137854,1,social_spambots_2,0.999828221714508,1
104991578,1,traditional_spambots_1,0.999886113817927,1
2374328761,1,social_spambots_2,0.9999911953673524,1
9272142,0,genuine_accounts,0.012117225575498733,0
2362376605,1,social_spambots_2,0.9999874671160216,1
2373431880,1,social_spambots_2,0.9994667145676426,1
2438666143,1,social_spambots_3,0.9999805554685495,1
2349963427,1,social_spambots_2,0.999984152100169,1
36477176,1,traditional_spambots_1,0.9639291211026089,1
77161645,1,traditional_spambots_1,0.9987234890102528,1
522720869,1,social_spambots_3,0.09708635093325967,0
2357240377,1,social_spambots_2,0.9995602254016465,1
2358287606,1,social_spambots_2,0.9997479293150855,1
2270222940,1,social_spambots_1,0.9996996055588937,1
2355699926,1,social_spambots_2,0.9998324881997398,1
2363964349,1,social_spambots_2,0.9996053997712009,1
67602604,1,traditional_spambots_1,0.9994037869162646,1
2352937710,1,social_spambots_2,0.9998451258408549,1
2363853606,1,social_spambots_2,0.999048684017929,1
159209237,0,genuine_accounts,0.4468301922657701,0
456931751,1,social_spambots_3,0.9837202959961552,1
78920682,1,traditional_spambots_1,0.9977440693692745,1
466428756,1,social_spambots_1,0.999779265624662,1
164560495,1,social_spambots_3,0.9927900659164747,1
2350994592,1,social_spambots_2,0.9996000447204046,1
16142914,0,genuine_accounts,0.03625597573215678,0
208691905,0,genuine_accounts,0.020903482225989378,0
109753727,1,traditional_spambots_1,0.9998568202894299,1
2352158130,1,social_spambots_2,0.9998730009779591,1
467136340,1,social_spambots_1,0.9996541079066364,1
2368820047,1,social_spambots_2,0.9996535384601571,1
310462159,1,social_spambots_3,0.9852995612223824,1
2352557742,1,social_spambots_2,0.999767040298759,1
161096641,0,genuine_accounts,0.00766078385670084,0
51311653,1,traditional_spambots_1,0.995816152764531,1
466235245,1,social_spambots_1,0.9986970344453819,1
619528467,0,genuine_accounts,0.03236911647241679,0
2356065698,1,social_spambots_2,0.9997024058381518,1
2358200839,1,social_spambots_2,0.9999885815622459,1
2356460936,1,social_spambots_2,0.9997494653802015,1
934684128,1,social_spambots_3,0.9999718295044493,1
93934842,1,traditional_spambots_1,0.9938499765665032,1
2368655138,1,social_spambots_2,0.9993502586723167,1
72889357,1,traditional_spambots_1,0.9987006364214415,1
169194549,0,genuine_accounts,0.02410108135989102,0
2377740000,1,social_spambots_2,0.9918131361324531,1
467203615,1,social_spambots_1,0.9994563169379453,1
11174562,0,genuine_accounts,0.0051968896603545155,0
2358755755,1,social_spambots_2,0.9993080743968887,1
79482809,1,traditional_spambots_1,0.9101650947095058,1
1273211443,1,social_spambots_1,0.9997679996924564,1
2377909674,1,social_spambots_2,0.9999933289110843,1
211397444,0,genuine_accounts,0.026695790575900297,0
115192196,1,traditional_spambots_1,0.9619287320371834,1
2373142057,1,social_spambots_2,0.9999824796512481,1
2248762537,0,genuine_accounts,0.10630025277764035,0
2359605871,1,social_spambots_2,0.9998480264563817,1
183247631,0,genuine_accounts,0.003627819194927456,0
2362365686,1,social_spambots_2,0.9994804519769895,1
521358579,1,social_spambots_3,0.9999923532981988,1
1888349131,0,genuine_accounts,0.04940332748705017,0
75142460,1,traditional_spambots_1,0.9730335379317578,1
102216171,1,traditional_spambots_1,0.9998710194165339,1
2377818876,1,social_spambots_2,0.9995490753589618,1
538864438,1,social_spambots_1,0.9995168721811873,1
466417619,1,social_spambots_1,0.9996296262595413,1
2382440916,1,social_spambots_2,0.9992179483265076,1
2352231043,1,social_spambots_2,0.9997169770094617,1
538996367,1,social_spambots_1,0.9997271416335378,1
467089839,1,social_spambots_1,0.9993844099967003,1
2384474173,1,social_spambots_2,0.9996705906725891,1
66228550,1,traditional_spambots_1,0.9995192214929615,1
528006498,0,genuine_accounts,0.12934336744145541,0
205030249,0,genuine_accounts,0.01870474497038181,0
2377853522,1,social_spambots_2,0.9996047390968515,1
13381912,0,genuine_accounts,0.03083542658582016,0
84602929,1,traditional_spambots_1,0.9998208992175798,1
2361611899,1,social_spambots_2,0.9999798763220747,1
2370781177,1,social_spambots_2,0.999251027793087,1
2360182716,1,social_spambots_2,0.9995960364789116,1
2352263454,1,social_spambots_2,0.9998183195587289,1
236809977,0,genuine_accounts,0.02964624728629555,0
2351994247,1,social_spambots_2,0.9996085899551442,1
466300896,1,social_spambots_1,0.9994633530224138,1
151969817,0,genuine_accounts,0.04208163677339545,0
2386078303,1,social_spambots_2,0.9997813793497595,1
2348556600,1,social_spambots_2,0.9997038558866294,1
2353506222,1,social_spambots_2,0.9998310539129045,1
2385004128,1,social_spambots_2,0.9997007518725362,1
2374394922,1,social_spambots_2,0.9994925610889126,1
466394269,1,social_spambots_1,0.9998519579275145,1
2381262787,1,social_spambots_2,0.9994681317818246,1
2369874206,1,social_spambots_2,0.9990199388703896,1
64669097,1,traditional_spambots_1,0.9772659301600193,1
2236528682,1,social_spambots_3,0.9999728811205918,1
2362628834,1,social_spambots_2,0.9990658954082766,1
2370303206,1,social_spambots_2,0.04293643325181841,0
2331598592,0,genuine_accounts,0.028904467643074545,0
2358400753,1,social_spambots_2,0.9993859492543381,1
95690748,1,traditional_spambots_1,0.9537373911905295,1
2352208513,1,social_spambots_2,0.9980798482906417,1
2356107834,1,social_spambots_2,0.9999865475402995,1
9524952,1,traditional_spambots_1,0.8825876649356914,1
2357489000,1,social_spambots_2,0.9999640234062129,1
2363104591,1,social_spambots_2,0.9996953833723893,1
2357376132,1,social_spambots_2,0.9999856895927219,1
576226470,1,social_spambots_1,0.9988765541416553,1
17507350,0,genuine_accounts,0.14679196019079033,0
531145445,1,social_spambots_3,0.9999800433103176,1
222617763,0,genuine_accounts,0.08699622060424331,0
64972830,1,traditional_spambots_1,0.9981255746681441,1
2353155799,1,social_spambots_2,0.9999588435233232,1
237192993,1,social_spambots_1,0.9995692433909831,1
2352110226,1,social_spambots_2,0.9995261627884879,1
2367758388,1,social_spambots_2,0.9990845983152925,1
2376435464,1,social_spambots_2,0.9997734908055179,1
466314172,1,social_spambots_1,0.9993348747916656,1
2357337120,1,social_spambots_2,0.9997549213488872,1
208147488,0,genuine_accounts,0.030562299420537807,0
2368380343,1,social_spambots_2,0.9999862041894465,1
86127210,1,traditional_spambots_1,0.9992578744162282,1
531160150,1,social_spambots_3,0.9999767190463846,1
2386698036,1,social_spambots_2,0.9995568015650156,1
2364059480,1,social_spambots_2,0.9995852551747696,1
2380810310,1,social_spambots_2,0.999754259702281,1
592252867,0,genuine_accounts,0.004037030707488114,0
213809707,0,genuine_accounts,0.4320732838333975,0
2352525078,1,social_spambots_2,0.9997296627099524,1
93273910,1,traditional_spambots_1,0.9621531413588166,1
2377903014,1,social_spambots_2,0.9997218875556296,1
466424669,1,social_spambots_1,0.9992710519539859,1
522574094,1,social_spambots_3,0.9999830285538038,1
2351155688,1,social_spambots_2,0.9976127903892333,1
465402069,1,social_spambots_1,0.9993435574063347,1
2352085909,1,social_spambots_2,0.9999854540056395,1
2351939232,1,social_spambots_2,0.9999853004999549,1
67604511,1,traditional_spambots_1,0.9994910191729598,1
2358433274,1,social_spambots_2,0.9997623351984133,1
2361082016,1,social_spambots_2,0.9999880349379497,1
2357626699,1,social_spambots_2,0.9997445497477129,1
2212794786,1,social_spambots_2,0.999947430353817,1
2353521205,1,social_spambots_2,0.999594716624698,1
2371006615,1,social_spambots_2,0.9990377526413026,1
468048856,1,social_spambots_1,0.9997175645944143,1
2356054046,1,social_spambots_2,0.9999654369813158,1
2318172799,0,genuine_accounts,0.2293343740480831,0
549181062,0,genuine_accounts,0.003497796472379049,0
2348138022,1,social_spambots_2,0.9996009069536728,1
2354269836,1,social_spambots_2,0.9992884584249472,1
468061975,1,social_spambots_1,0.9997652874438663,1
2175037701,0,genuine_accounts,0.01940904381925626,0
557639325,0,genuine_accounts,0.009219606779000253,0
2359830439,1,social_spambots_2,0.9999789146737686,1
2382953520,1,social_spambots_2,0.9995480298702455,1
2361792980,1,social_spambots_2,0.9995547695578353,1
466444765,1,social_spambots_1,0.9990450686018841,1
2352159499,1,social_spambots_2,0.9999879780640286,1
2192767087,0,genuine_accounts,0.040895497474341,0
2352603318,1,social_spambots_2,0.9997852377488105,1
2357501834,1,social_spambots_2,0.999714750140113,1
466165783,1,social_spambots_1,0.9997821053146024,1
103391011,1,traditional_spambots_1,0.9664800342764848,1
2377656308,1,social_spambots_2,0.9922757244120326,1
2353592198,1,social_spambots_2,0.9997081200530724,1
2362021382,1,social_spambots_2,0.9133496249269042,1
13126372,0,genuine_accounts,0.03611535284837417,0
2352489715,1,social_spambots_2,0.9997220238915062,1
151855545,0,genuine_accounts,0.04622470159517934,0
466448804,1,social_spambots_1,0.999126996547351,1
2383495934,1,social_spambots_2,0.9995244334237035,1
2362279423,1,social_spambots_2,0.9999811284045774,1
2267842723,0,genuine_accounts,0.019273577268936245,0
2350460106,1,social_spambots_2,0.9999681510560652,1
69502707,1,traditional_spambots_1,0.9994538353846476,1
2357578801,1,social_spambots_2,0.9995858990114088,1
2383421131,1,social_spambots_2,0.999703572088093,1
2382790488,1,social_spambots_2,0.9995050622089219,1
22936398,0,genuine_accounts,0.019166395283241988,0
80269221,1,traditional_spambots_1,0.9984902054293991,1
755116,0,genuine_accounts,0.1366687245937535,0
77172872,1,traditional_spambots_1,0.9983838693170395,1
466139912,1,social_spambots_1,0.9997768688102143,1
2370900948,1,social_spambots_2,0.9992803519073107,1
2361573475,1,social_spambots_2,0.9999500712747229,1
531153305,1,social_spambots_3,0.9999885056520433,1
19753816,0,genuine_accounts,0.02441846582403131,0
2358660372,1,social_spambots_2,0.9832568657403014,1
531150230,1,social_spambots_3,0.9999850510472177,1
2356086913,1,social_spambots_2,0.9991102228221846,1
19121759,1,traditional_spambots_1,0.652946588952155,1
2364699120,1,social_spambots_2,0.9996008845619826,1
531165935,1,social_spambots_3,0.9999778486998615,1
194782031,1,social_spambots_3,0.9889474831869951,1
2359867422,1,social_spambots_2,0.9991726112824703,1
2213089166,1,social_spambots_2,0.9991263156413746,1
2358035370,1,social_spambots_2,0.9998293868778546,1
55396146,1,traditional_spambots_1,0.9816477612565488,1
2348292007,1,social_spambots_2,0.9997544131439607,1
2384103523,1,social_spambots_2,0.9997392907637904,1
467106023,1,social_spambots_1,0.9993830964466053,1
18989002,0,genuine_accounts,0.006659562764027402,0
73855074,1,traditional_spambots_1,0.9981722387435823,1
2366606502,1,social_spambots_2,0.9999787923995843,1
2358710996,1,social_spambots_2,0.999583732846645,1
2359625274,1,social_spambots_2,0.9999779968671865,1
610956863,0,genuine_accounts,0.005206929428517864,0
53948371,1,traditional_spambots_1,0.9991191649309293,1
1908684955,0,genuine_accounts,0.024621871058373428,0
2349990667,1,social_spambots_2,0.9995115682758879,1
2356453915,1,social_spambots_2,0.9998392514054236,1
466255776,1,social_spambots_1,0.9997844605231677,1
1969254588,0,genuine_accounts,0.05801983391138802,0
531157201,1,social_spambots_3,0.9999823095889454,1
152194153,0,genuine_accounts,0.0319414318715223,0
467113033,1,social_spambots_1,0.9997733543174856,1
2383726801,1,social_spambots_2,0.9999740774750434,1
2351955590,1,social_spambots_2,0.9996299125293442,1
2358728605,1,social_spambots_2,0.9994343343103236,1
2385949754,1,social_spambots_2,0.9997492370734712,1
2356590110,1,social_spambots_2,0.9996396388085979,1
2213026430,1,social_spambots_2,0.9997017092256378,1
64646242,1,traditional_spambots_1,0.9998102667543781,1
22652455,0,genuine_accounts,0.005451058072855164,0
2380630098,1,social_spambots_2,0.9995854775224411,1
2384406452,1,social_spambots_2,0.9996681697063124,1
103481500,1,traditional_spambots_1,0.9406457965821409,1
67250654,1,traditional_spambots_1,0.9421854845734693,1
2358403502,1,social_spambots_2,0.9999620910249576,1
2382987302,1,social_spambots_2,0.9995542942725668,1
2368191884,1,social_spambots_2,0.9995381535604964,1
2360613104,1,social_spambots_2,0.9998399363590623,1
539239284,1,social_spambots_1,0.9995641264757384,1
2352569228,1,social_spambots_2,0.9990447778381968,1
2353377162,1,social_spambots_2,0.9996930399955894,1
195188594,0,genuine_accounts,0.08781409540032502,0
2374669231,1,social_spambots_2,0.9999855558082361,1
2352770234,1,social_spambots_2,0.999827753875271,1
2352944150,1,social_spambots_2,0.9998321732871751,1
105100511,1,traditional_spambots_1,0.9999150366229852,1
2358920870,1,social_spambots_2,0.9892896071880056,1
19335843,0,genuine_accounts,0.04887648466590912,0
2357144700,1,social_spambots_2,0.9999362692325896,1
2355798560,1,social_spambots_2,0.9998676173396964,1
2352006246,1,social_spambots_2,0.9999703637845935,1
169489617,0,genuine_accounts,0.19207780748840286,0
2354322703,1,social_spambots_2,0.9992618725188793,1
2377126058,1,social_spambots_2,0.9996119198123639,1
2364626569,1,social_spambots_2,0.9996768949557729,1
64935032,1,traditional_spambots_1,0.9881960180199858,1
531163505,1,social_spambots_3,0.9999795318390887,1
565600628,1,social_spambots_1,0.999594995503247,1
103156841,1,traditional_spambots_1,0.9998892481654835,1
466225850,1,social_spambots_1,0.9996477605330473,1
1382561,0,genuine_accounts,0.0025455815714664444,0
601689477,0,genuine_accounts,0.027789855293510073,0
2374541808,1,social_spambots_2,0.9998257368889071,1
89316576,1,traditional_spambots_1,0.9944757643224136,1
2364409632,1,social_spambots_2,0.9997773933175476,1
67853254,1,traditional_spambots_1,0.9988922788982846,1
485873421,0,genuine_accounts,0.003550302967340828,0
522725796,1,social_spambots_3,0.9946525653279096,1
563067334,0,genuine_accounts,0.012927840934487145,0
24663107,0,genuine_accounts,0.004474797371544793,0
2371124821,1,social_spambots_2,0.9993032508063955,1
52039977,1,traditional_spambots_1,0.986946873051439,1
531137482,1,social_spambots_3,0.99077922722645,1
2385356466,1,social_spambots_2,0.9999820580656097,1
2360688492,1,social_spambots_2,0.9998680175758861,1
2352977994,1,social_spambots_2,0.99996874652507,1
465428761,1,social_spambots_1,0.9997496509040011,1
2361352586,1,social_spambots_2,0.9994994587944396,1
492728332,0,genuine_accounts,0.1359013420681919,0
73533563,1,traditional_spambots_1,0.997904804846492,1
53780486,1,traditional_spambots_1,0.9930817815664404,1
2359711226,1,social_spambots_2,0.9997994340995595,1
75417623,1,traditional_spambots_1,0.9237509775408599,1
2381294144,1,social_spambots_2,0.9999604980613832,1
585906857,1,social_spambots_1,0.999616890979045,1
2356283838,1,social_spambots_2,0.9997056810705229,1
2385063776,1,social_spambots_2,0.999823122148021,1
2351925176,1,social_spambots_2,0.9997614328776823,1
466305983,1,social_spambots_1,0.9995962281081621,1
2357844170,1,social_spambots_2,0.999987040863154,1
2364672758,1,social_spambots_2,0.9993673984998106,1
2374736143,1,social_spambots_2,0.9997914240666038,1
542236806,1,social_spambots_1,0.9996928751326644,1
2358897218,1,social_spambots_2,0.9976660433336264,1
2351950531,1,social_spambots_2,0.9999813436397481,1
26743316,1,social_spambots_3,0.999808000156942,1
237660270,0,genuine_accounts,0.013086449666285003,0
2358083312,1,social_spambots_2,0.9997911324660892,1
599745022,0,genuine_accounts,0.10614476001131881,0
2356747051,1,social_spambots_2,0.9837145582005509,1
2358603746,1,social_spambots_2,0.999974011503458,1
107463005,1,traditional_spambots_1,0.9998725880427181,1
104808055,1,traditional_spambots_1,0.9998863073421693,1
468068306,1,social_spambots_1,0.9997562395512268,1
2351826150,1,social_spambots_2,0.9999135344057212,1
2384991212,1,social_spambots_2,0.9999923976314555,1
102992816,1,traditional_spambots_1,0.9985714068621144,1
2384161015,1,social_spambots_2,0.9987338742149724,1
2326631202,0,genuine_accounts,0.4231088655359314,0
2385249176,1,social_spambots_2,0.9996610426309559,1
2360261192,1,social_spambots_2,0.9996258185215524,1
69496874,1,traditional_spambots_1,0.9991018123618078,1
72798519,1,traditional_spambots_1,0.9986622295917084,1
2384185177,1,social_spambots_2,0.9999808890745545,1
2272611686,1,social_spambots_1,0.9995968620176594,1
466293888,1,social_spambots_1,0.9995915537375728,1
549549339,0,genuine_accounts,0.034191654394808015,0
17523808,0,genuine_accounts,0.0639169508625402,0
2370416798,1,social_spambots_2,0.9999832651839429,1
2350894134,1,social_spambots_2,0.9995142212413144,1
2366088540,1,social_spambots_2,0.9997457621512458,1
2386347198,1,social_spambots_2,0.9998204057888721,1
2368281811,1,social_spambots_2,0.97911456098691,1
68332605,1,traditional_spambots_1,0.9991967845004041,1
467177745,1,social_spambots_1,0.9992858929337501,1
2352904572,1,social_spambots_2,0.9981992532570777,1
2384265157,1,social_spambots_2,0.9997074448924158,1
2381263688,1,social_spambots_2,0.9999862172604296,1
466426767,1,social_spambots_1,0.9997107994995945,1
2374611596,1,social_spambots_2,0.9998137889745411,1
2365148983,1,social_spambots_2,0.9990313780694666,1
466295605,1,social_spambots_1,0.9997929971957962,1
2352457448,1,social_spambots_2,0.9998598081976823,1
2359679634,1,social_spambots_2,0.99998002282893,1
62938941,1,traditional_spambots_1,0.9994404735170358,1
1273207723,1,social_spambots_1,0.999814117704446,1
531151249,1,social_spambots_3,0.9999854848525185,1
2267349139,1,social_spambots_1,0.9997682494605998,1
2385236594,1,social_spambots_2,0.9999662923866683,1
16282004,1,social_spambots_3,0.9998058034920969,1
2353481040,1,social_spambots_2,0.9994189485145025,1
2354261444,1,social_spambots_2,0.9995181850925945,1
465445130,1,social_spambots_1,0.999890116810611,1
2356167188,1,social_spambots_2,0.9997675612234508,1
2357496132,1,social_spambots_2,0.9999784902553582,1
2357835901,1,social_spambots_2,0.9995801471628154,1
2353353264,1,social_spambots_2,0.9997794966046639,1
2375875075,1,social_spambots_2,0.9999889411926693,1
2354088421,1,social_spambots_2,0.9995571411191803,1
466361828,1,social_spambots_1,0.9996973683956384,1
2356067694,1,social_spambots_2,0.9999907794563805,1
2355768372,1,social_spambots_2,0.9996917729104833,1
531139427,1,social_spambots_3,0.13264973789749893,0
70811875,1,traditional_spambots_1,0.998554970002026,1
2364796801,1,social_spambots_2,0.9994773612064828,1
2362425720,1,social_spambots_2,0.9981613457880435,1
466373748,1,social_spambots_1,0.9992969844490244,1
2357317176,1,social_spambots_2,0.9993814329718637,1
2353855646,1,social_spambots_2,0.9999892601345163,1
2279233926,1,social_spambots_1,0.9998633868710985,1
2357451992,1,social_spambots_2,0.999506204160926,1
2352123024,1,social_spambots_2,0.9999726036100526,1
2351812249,1,social_spambots_2,0.9999783547588447,1
1853487314,0,genuine_accounts,0.06599502499122833,0
535789505,1,social_spambots_3,0.9999733087202554,1
482865517,0,genuine_accounts,0.007383911656153708,0
2364669469,1,social_spambots_2,0.9992640697461811,1
2384256890,1,social_spambots_2,0.9997712181066831,1
2350411086,1,social_spambots_2,0.9999327071504418,1
465404874,1,social_spambots_1,0.999720829882173,1
2200425967,0,genuine_accounts,0.0448239504155248,0
2377206811,1,social_spambots_2,0.9999837781809109,1
2370674089,1,social_spambots_2,0.9999763671819654,1
2353732621,1,social_spambots_2,0.999987622658049,1
2355755732,1,social_spambots_2,0.9993051995264022,1
2352021956,1,social_spambots_2,0.9467315230773987,1
934595191,1,social_spambots_3,0.999986835725475,1
2381471017,1,social_spambots_2,0.9999848420754323,1
467062429,1,social_spambots_1,0.9996021560174064,1
106908630,1,traditional_spambots_1,0.9996677660229502,1
2360715542,1,social_spambots_2,0.9992879314034828,1
222290847,0,genuine_accounts,0.03317235463762873,0
2361587412,1,social_spambots_2,0.9990194123792031,1
65302410,1,traditional_spambots_1,0.982922716502976,1
467099372,1,social_spambots_1,0.9995126684519622,1
27014940,0,genuine_accounts,0.07243477404120512,0
67252490,1,traditional_spambots_1,0.930562211694719,1
2381821184,1,social_spambots_2,0.9855050941684935,1
2373928596,1,social_spambots_2,0.9998805771664909,1
2361298316,1,social_spambots_2,0.9997430379134539,1
2273502326,0,genuine_accounts,0.018504710960598622,0
2358624870,1,social_spambots_2,0.990995508546324,1
79350470,1,traditional_spambots_1,0.9997700154394451,1
2351115000,1,social_spambots_2,0.999331536216026,1
2363046775,1,social_spambots_2,0.9994536524181854,1
614334671,1,social_spambots_1,0.999844812368852,1
2353098511,1,social_spambots_2,0.9999805967010623,1
569089181,1,social_spambots_1,0.9988867778531288,1
2323690855,0,genuine_accounts,0.01868977336964953,0
149245813,0,genuine_accounts,0.005747512698607445,0
2294724187,0,genuine_accounts,0.012795581915768083,0
2351066142,1,social_spambots_2,0.9994822280834379,1
1664307984,0,genuine_accounts,0.002045196972529746,0
2354121158,1,social_spambots_2,0.9991739845105136,1
110881041,1,traditional_spambots_1,0.9998092828092874,1
65231459,1,traditional_spambots_1,0.9816617841339663,1
2355015516,1,social_spambots_2,0.9999819232924121,1
2357049048,1,social_spambots_2,0.9997004908219058,1
56740037,1,traditional_spambots_1,0.9129533452639956,1
2373418904,1,social_spambots_2,0.9991892214085475,1
2354245788,1,social_spambots_2,0.9998351170238642,1
236180754,0,genuine_accounts,0.010773225452942096,0
2378440728,1,social_spambots_2,0.9997701763553982,1
465433276,1,social_spambots_1,0.9998211411493145,1
466238747,1,social_spambots_1,0.999742744189765,1
2385363979,1,social_spambots_2,0.9999862466007832,1
2370178446,1,social_spambots_2,0.9990012597737781,1
2362038456,1,social_spambots_2,0.999120472895868,1
2357386314,1,social_spambots_2,0.9991847167919913,1
2375120065,1,social_spambots_2,0.9996877769284325,1
2357490037,1,social_spambots_2,0.9989410225619691,1
708149348,1,social_spambots_3,0.9999803844358232,1
2355876470,1,social_spambots_2,0.9996630141153272,1
107549781,1,traditional_spambots_1,0.9998472222550902,1
466200874,1,social_spambots_1,0.9998393242118457,1
2351114444,1,social_spambots_2,0.9992181813855268,1
466322512,1,social_spambots_1,0.9998854418279415,1
532840492,0,genuine_accounts,0.01672508026761846,0
2386185846,1,social_spambots_2,0.9997371198124603,1
465369276,1,social_spambots_1,0.9996461848556766,1
616602934,0,genuine_accounts,0.009968438244356352,0
2374422386,1,social_spambots_2,0.9999863493288167,1
2382770917,1,social_spambots_2,0.9997654409494153,1
2356879860,1,social_spambots_2,0.9997730388583624,1
175108392,0,genuine_accounts,0.04832179111036113,0
49198668,1,traditional_spambots_1,0.9911672325460366,1
75726046,1,traditional_spambots_1,0.9975599599791372,1
2326385024,0,genuine_accounts,0.01777092316862087,0
2360803651,1,social_spambots_2,0.9972739606638872,1
2377421106,1,social_spambots_2,0.9996444749087205,1
2378330916,1,social_spambots_2,0.9991881378234455,1
103933843,1,traditional_spambots_1,0.9994495953613047,1
2360015622,1,social_spambots_2,0.9998477988058874,1
466308751,1,social_spambots_1,0.9997930977001774,1
1601378383,1,social_spambots_3,0.9999777320877461,1
2384677322,1,social_spambots_2,0.9996345079975406,1
2357151722,1,social_spambots_2,0.9992259350618274,1
2379381841,1,social_spambots_2,0.9995959275025147,1
2354116309,1,social_spambots_2,0.9996262939678827,1
2357718374,1,social_spambots_2,0.9997831864751257,1
60430191,1,traditional_spambots_1,0.9989571206711231,1
2358823448,1,social_spambots_2,0.9999737270230445,1
23132833,0,genuine_accounts,0.13852858905114104,0
1936513045,0,genuine_accounts,0.155103175414065,0
2352058273,1,social_spambots_2,0.999630367134775,1
14905688,0,genuine_accounts,0.011702616808957213,0
2351733758,1,social_spambots_2,0.99980943701905,1
529668737,0,genuine_accounts,0.16036064988262075,0
55329745,1,traditional_spambots_1,0.9371627915863513,1
2358544080,1,social_spambots_2,0.9996112960664277,1
2384122268,1,social_spambots_2,0.9997482255440125,1
467092645,1,social_spambots_1,0.9992821230312712,1
2375655014,1,social_spambots_2,0.9995559742154629,1
467178690,1,social_spambots_1,0.9997522077304204,1
53819925,1,traditional_spambots_1,0.997817483166623,1
105861509,1,traditional_spambots_1,0.9998938009987943,1
2375428716,1,social_spambots_2,0.9999911752168561,1
2380891766,1,social_spambots_2,0.9997495958952467,1
2367982813,1,social_spambots_2,0.999787736278793,1
2379958296,1,social_spambots_2,0.9999880857040194,1
2384323117,1,social_spambots_2,0.999516304296203,1
512405444,1,social_spambots_3,0.2599187436419883,0
466285518,1,social_spambots_1,0.9996810088599144,1
2356361516,1,social_spambots_2,0.9992629987146973,1
114806684,1,traditional_spambots_1,0.995902609761542,1
195044343,1,social_spambots_3,0.9955812024819227,1
2353556352,1,social_spambots_2,0.9996390431566784,1
2355861584,1,social_spambots_2,0.9999764702451014,1
466335221,1,social_spambots_1,0.9998496461931741,1
2357204730,1,social_spambots_2,0.9999847170468283,1
2361379525,1,social_spambots_2,0.999988624661891,1
2363865427,1,social_spambots_2,0.999699799704824,1
2362550521,1,social_spambots_2,0.9997303607958434,1
18995476,0,genuine_accounts,0.0052102176501379795,0
467061366,1,social_spambots_1,0.9993886350538579,1
2362249506,1,social_spambots_2,0.9993731774178348,1
1024955420,1,social_spambots_1,0.9995286527117934,1
2374457659,1,social_spambots_2,0.9998276184796865,1
334169459,1,social_spambots_3,0.9889829578844174,1
1070386470,1,social_spambots_1,0.9998485771131689,1
26135125,0,genuine_accounts,0.027791278169381865,0
531152071,1,social_spambots_3,0.9999811950676349,1
2371023128,1,social_spambots_2,0.999065499249672,1
466428721,1,social_spambots_1,0.9995615434718703,1
539038007,1,social_spambots_1,0.9999079438016878,1
2362033507,1,social_spambots_2,0.9995840951226903,1
174256925,0,genuine_accounts,0.015578388621946904,0
467133470,1,social_spambots_1,0.9981981311217301,1
2352107508,1,social_spambots_2,0.9999802587446769,1
2358459319,1,social_spambots_2,0.9992829471146193,1
522348124,1,social_spambots_3,0.9879034029481344,1
539167565,1,social_spambots_1,0.9998096455167363,1
90065361,1,traditional_spambots_1,0.9982242208269746,1
2370570500,1,social_spambots_2,0.9991847518246217,1
466184623,1,social_spambots_1,0.9995356159669516,1
2368325846,1,social_spambots_2,0.9997361563961105,1
68094291,1,traditional_spambots_1,0.9989229834166677,1
1727495887,0,genuine_accounts,0.03721629680272279,0
73655562,1,traditional_spambots_1,0.9983419467412243,1
2351219077,1,social_spambots_2,0.9999833651741248,1
465413078,1,social_spambots_1,0.9995078731351283,1
24984561,0,genuine_accounts,0.030898775374228173,0
467162901,1,social_spambots_1,0.9993754270308051,1
2372968790,1,social_spambots_2,0.9735290549062686,1
1862854957,0,genuine_accounts,0.0018714504611270684,0
65301068,1,traditional_spambots_1,0.9794997157158711,1
2374854710,1,social_spambots_2,0.9997975859405681,1
2371044726,1,social_spambots_2,0.9993465281495013,1
466152441,1,social_spambots_1,0.99977303835159,1
2360286246,1,social_spambots_2,0.9995931878902488,1
2363561390,1,social_spambots_2,0.9999828470656793,1
2362649594,1,social_spambots_2,0.9993595597537815,1
2357529392,1,social_spambots_2,0.9998481964892777,1
25759948,0,genuine_accounts,0.1237604458052978,0
2361725894,1,social_spambots_2,0.9478791895134417,1
2357422154,1,social_spambots_2,0.9998240095000022,1
466485845,1,social_spambots_1,0.9997984922277519,1
568388087,0,genuine_accounts,0.011227091513697577,0
67243929,1,traditional_spambots_1,0.9990906703993699,1
2274103146,1,social_spambots_1,0.9997447930279405,1
620078665,0,genuine_accounts,0.5735396361996383,1
467095185,1,social_spambots_1,0.999122834342874,1
2366503142,1,social_spambots_2,0.9999837345818119,1
531140317,1,social_spambots_3,0.9999816501069286,1
2363577037,1,social_spambots_2,0.9997715309489255,1
2354776717,1,social_spambots_2,0.9996113932530081,1
982414274,1,social_spambots_3,0.999980957760901,1
2353852164,1,social_spambots_2,0.990178503624073,1
208200663,0,genuine_accounts,0.10219172305826799,0
2352749816,1,social_spambots_2,0.9997285631526799,1
2358020293,1,social_spambots_2,0.9843205637421573,1
2278014204,1,social_spambots_1,0.9996119476489043,1
2357325907,1,social_spambots_2,0.9992122017435714,1
2383137392,1,social_spambots_2,0.9997783981099824,1
2352909686,1,social_spambots_2,0.9998016367086601,1
2352702752,1,social_spambots_2,0.9999919930147172,1
2383444314,1,social_spambots_2,0.9997170731870195,1
2350980398,1,social_spambots_2,0.9999773059436835,1
859013762,1,social_spambots_1,0.9998232547604587,1
434727810,1,social_spambots_1,0.9995118216101078,1
2370930889,1,social_spambots_2,0.9998984663852191,1
1939977158,0,genuine_accounts,0.008990911291654954,0
2352835644,1,social_spambots_2,0.999558479792466,1
2352307093,1,social_spambots_2,0.9997571306487405,1
2372927941,1,social_spambots_2,0.9918714949001443,1
2378476622,1,social_spambots_2,0.9993331929198733,1
467120569,1,social_spambots_1,0.9978166457994065,1
103079881,1,traditional_spambots_1,0.9639668268645412,1
21074492,0,genuine_accounts,0.029544293512453655,0
2384515195,1,social_spambots_2,0.9990178595696065,1
2213054796,1,social_spambots_2,0.9994579878197192,1
2375389628,1,social_spambots_2,0.9985085503381054,1
29742631,1,traditional_spambots_1,0.944749056543985,1
157982762,0,genuine_accounts,0.01972664472631457,0
2372957832,1,social_spambots_2,0.9996034607783771,1
566576689,0,genuine_accounts,0.00999011355249765,0
2357513742,1,social_spambots_2,0.9997398118967965,1
2369114155,1,social_spambots_2,0.9871337257643964,1
2370363816,1,social_spambots_2,0.9999845560858265,1
244156691,1,social_spambots_3,0.9999768385700936,1
2386278498,1,social_spambots_2,0.9992599481632523,1
2385069193,1,social_spambots_2,0.9996005263515564,1
104844839,1,traditional_spambots_1,0.9998514848337982,1
167639858,0,genuine_accounts,0.007959994830680625,0
2350172635,1,social_spambots_2,0.9993955816177259,1
557607196,1,social_spambots_1,0.9996934843004931,1
2357327186,1,social_spambots_2,0.9992435702841087,1
708129571,1,social_spambots_3,0.9999798869156887,1
1690030831,0,genuine_accounts,0.11452815828445861,0
161634919,0,genuine_accounts,0.032781021385974926,0
106233605,1,traditional_spambots_1,0.9989914187406737,1
2356615854,1,social_spambots_2,0.9995165104679385,1
2212951627,1,social_spambots_2,0.999856769057919,1
2350455846,1,social_spambots_2,0.9997907660226767,1
2274125209,1,social_spambots_1,0.9996828312453145,1
465367288,1,social_spambots_1,0.998759952330292,1
2382889747,1,social_spambots_2,0.9992458990303602,1
23026561,0,genuine_accounts,0.09973631987688514,0
2375264894,1,social_spambots_2,0.9996837633639982,1
103919687,1,traditional_spambots_1,0.9997704340364862,1
2382848635,1,social_spambots_2,0.9996460770174961,1
2354541248,1,social_spambots_2,0.999750210625175,1
2355860940,1,social_spambots_2,0.9839248531426923,1
2377772335,1,social_spambots_2,0.9997427069896314,1
2384404598,1,social_spambots_2,0.9998095643851361,1
2357506140,1,social_spambots_2,0.9998184090847598,1
2292414091,0,genuine_accounts,0.02860608523155401,0
522419526,1,social_spambots_3,0.5751248883241916,1
